CANCELLED,0,0.0
DIVERTED,0,0.0
